%===================================== CHAP 5 =================================

\chapter{Conclusion}

\cleardoublepage

%latex.default(s, file = "fixed_volume.tex")%
\begin{table}[!tbp]
\begin{center}
\begin{tabular}{rrrrrrrrrrrrrlllllllllrllllrr}
\hline\hline
\multicolumn{1}{c}{coefficients Estimate}&\multicolumn{1}{c}{coefficients Std. Error}&\multicolumn{1}{c}{coefficients t-value}&\multicolumn{1}{c}{coefficients Pr(\textgreater |t|)}&\multicolumn{1}{c}{vcov log_return_lagged}&\multicolumn{1}{c}{vcov volatility_lagged}&\multicolumn{1}{c}{vcov logmedian_VOLUME_lagged}&\multicolumn{1}{c}{vcov logmedian_concept_trend_lagged}&\multicolumn{1}{c}{vcov logmedian_search_term_trend_lagged}&\multicolumn{1}{c}{vcov logmedian_ticker_trend_lagged}&\multicolumn{1}{c}{vcov logmedian_news_count_lagged}&\multicolumn{1}{c}{residuals}&\multicolumn{1}{c}{df.residual}&\multicolumn{1}{c}{formula}&\multicolumn{1}{c}{model logmedian_VOLUME}&\multicolumn{1}{c}{model log_return_lagged}&\multicolumn{1}{c}{model volatility_lagged}&\multicolumn{1}{c}{model logmedian_VOLUME_lagged}&\multicolumn{1}{c}{model logmedian_concept_trend_lagged}&\multicolumn{1}{c}{model logmedian_search_term_trend_lagged}&\multicolumn{1}{c}{model logmedian_ticker_trend_lagged}&\multicolumn{1}{c}{model logmedian_news_count_lagged}&\multicolumn{1}{c}{assign}&\multicolumn{1}{c}{args}&\multicolumn{1}{c}{aliased}&\multicolumn{1}{c}{call}&\multicolumn{1}{c}{fstatistic}&\multicolumn{1}{c}{r.squared}&\multicolumn{1}{c}{df}\tabularnewline
\hline
$-0.37860931825365302$&$0.15209002821207979$&$-2.489376343107167$&$1.28029531293669e-02$&$ 2.31313766815512e-02$&$ 3.40206025812391e-03$&$ 3.93621748824324e-06$&$-1.37972352195060e-05$&$ 7.09422506257167e-06$&$-3.64008277572185e-05$&$-6.22023117969267e-06$&$ 3.42623054662141e-01$&$25964$&~&0.319251463240333&0.0100206937054743&0.0077232865912075&0.150165791115837&0.0465200156348929&0.040821994520255&-0.287682072451781&-0.0735024619929265&$0$&within&FALSE&plm&logmedian_VOLUME ~ log_return_lagged + volatility_lagged + logmedian_VOLUME_lagged +  ...&$0.246479325780890$&$    7$\tabularnewline
$-1.30015612761648280$&$0.46538029912887274$&$-2.793749821490498$&$5.21389331227513e-03$&$ 3.40206025812391e-03$&$ 2.16578822817279e-01$&$-1.32979878379208e-03$&$-2.18613694619957e-04$&$-8.88653858917491e-05$&$-2.61548476748722e-04$&$-1.16933238015981e-04$&$ 1.52627741625320e-02$&$25964$&logmedian_VOLUME&0.132863828248108&0.00887873292208319&0.0115982247732187&0.319251463240333&0&0&0&0.162204414634355&$1$&twoways&FALSE&logmedian_VOLUME ~ log_return_lagged + volatility_lagged + logmedian_VOLUME_lagged + logmedian_concept_trend_lagged + logmedian_search_term_trend_lagged + logmedian_ticker_trend_lagged + logmedian_news_count_lagged&c(F = 1213.2739842885)&$0.235305952665255$&$25964$\tabularnewline
$ 0.44972533570575368$&$0.00652078883137125$&$68.967934299933731$&$0.00000000000000e+00$&$ 3.93621748824324e-06$&$-1.32979878379208e-03$&$ 4.25206869833360e-05$&$-7.53080016326952e-06$&$-1.09901536340893e-06$&$-1.10902535091729e-05$&$-4.21210485722033e-06$&$-2.73744886227572e-01$&$25964$&log_return_lagged + volatility_lagged + logmedian_VOLUME_lagged + logmedian_concept_trend_lagged + logmedian_search_term_trend_lagged + logmedian_ticker_trend_lagged + logmedian_news_count_lagged&0.0157101511929357&0.00269753866311806&0.00470886542037272&0.132863828248108&0.0465200156348929&0.040821994520255&0.074107972153722&0.185521559524625&$2$&NULL&FALSE&dailyDatasetGretelMergedFriSatSun&c(df1 = 7, df2 = 25964)&$0.246479325780890$&$    7$\tabularnewline
$ 0.06897119171460875$&$0.01292369352449040$&$ 5.336801865806268$&$9.53931283394049e-08$&$-1.37972352195060e-05$&$-2.18613694619957e-04$&$-7.53080016326952e-06$&$ 1.67021854314955e-04$&$-6.97490738122824e-05$&$-6.03199156953008e-06$&$-5.83912267229946e-06$&$-3.12338741623567e-01$&$25964$&~&-0.401749026991028&0.00397112759876084&0.0038084496687425&0.0157101511929357&0.0465200156348929&0.040821994520255&0.109199291964992&0.159721724876714&$3$&NULL&FALSE&twoways&c(F = 0)&$0.235305952665255$&$    7$\tabularnewline
$ 0.00390671947474698$&$0.01131266080936983$&$ 0.345340458852191$&$7.29841231254530e-01$&$ 7.09422506257167e-06$&$-8.88653858917491e-05$&$-1.09901536340893e-06$&$-6.97490738122824e-05$&$ 1.27976294587852e-04$&$-8.08266953896115e-06$&$-2.15830611515689e-06$&$ 9.96598275369328e-02$&$25964$&logmedian_VOLUME&0.170333243183839&0.000304485971861723&0.00478886901684223&-0.401749026991028&0.0597192347016225&0.0779615414697117&0.0540672212702762&0.287682072451781&$4$&NULL&FALSE&within&F test&$0.246479325780890$&$25964$\tabularnewline
$ 0.11701791997520503$&$0.00880246369495457$&$13.293769111740588$&$3.40529516775845e-40$&$-3.64008277572185e-05$&$-2.61548476748722e-04$&$-1.10902535091729e-05$&$-6.03199156953008e-06$&$-8.08266953896115e-06$&$ 7.74833671009933e-05$&$-2.57197787484808e-06$&$-3.85891157363119e-01$&$25964$&log_return_lagged + volatility_lagged + logmedian_VOLUME_lagged + logmedian_concept_trend_lagged + logmedian_search_term_trend_lagged + logmedian_ticker_trend_lagged + logmedian_news_count_lagged&-0.191156654666691&-0.0120807180953912&0.0136459233857597&0.170333243183839&0&0&-0.0800427076735361&0.161011770207204&$5$&bvk&FALSE&plm&logmedian_VOLUME ~ log_return_lagged + volatility_lagged + logmedian_VOLUME_lagged +  ...&$0.235305952665255$&$    7$\tabularnewline
$ 0.03073376472012142$&$0.00407074912806829$&$ 7.549903900539710$&$4.49890656395368e-14$&$-6.22023117969267e-06$&$-1.16933238015981e-04$&$-4.21210485722033e-06$&$-5.83912267229946e-06$&$-2.15830611515689e-06$&$-2.57197787484808e-06$&$ 1.65709984636688e-05$&$-1.34366266360603e-01$&$25964$&~&-0.195463696522987&-0.00104960373782692&0.00917075206129227&-0.191156654666691&0.0465200156348929&0&-0.113328685307003&0.0414371898641732&$6$&within&FALSE&logmedian_VOLUME ~ log_return_lagged + volatility_lagged + logmedian_VOLUME_lagged + logmedian_concept_trend_lagged + logmedian_search_term_trend_lagged + logmedian_ticker_trend_lagged + logmedian_news_count_lagged&c(F = 1213.2739842885)&$0.246479325780890$&$    7$\tabularnewline
\hline
\end{tabular}\end{center}
\end{table}